advanced_example <- structure(
structure(list(ISO = c("CHN", "CHN", "CHN", "CHN", "CHN", "CHN", 
"CHN", "CHN", "CHN", "CHN", "CHN", "CHN", "JPN", "JPN", "JPN", 
"JPN", "JPN", "JPN", "JPN", "JPN", "JPN", "JPN", "JPN", "JPN"
), Variable = c("EXg_C/GDP_C", "EXg_C/GDP_C", "EXg_C/GDP_C", 
"EXg_C/GDP_C", "EXg_C/GDP_C", "EXg_C/GDP_C", "EXg_C/GDP_C", "EXg_C/GDP_C", 
"EXg_C/GDP_C", "EXg_C/GDP_C", "EXg_C/GDP_C", "EXg_C/GDP_C", "EXg_C/GDP_C", 
"EXg_C/GDP_C", "EXg_C/GDP_C", "EXg_C/GDP_C", "EXg_C/GDP_C", "EXg_C/GDP_C", 
"EXg_C/GDP_C", "EXg_C/GDP_C", "EXg_C/GDP_C", "EXg_C/GDP_C", "EXg_C/GDP_C", 
"EXg_C/GDP_C"), Date = c("2010Q1", "2010Q2", "2010Q3", "2010Q4", 
"2011Q1", "2011Q2", "2011Q3", "2011Q4", "2012Q1", "2012Q2", "2012Q3", 
"2012Q4", "2010Q1", "2010Q2", "2010Q3", "2010Q4", "2011Q1", "2011Q2", 
"2011Q3", "2011Q4", "2012Q1", "2012Q2", "2012Q3", "2012Q4"), 
    Value = c(0.208257865501325, 0.240123111648329, 0.256557403481295, 
    0.249699119278124, 0.219144375220646, 0.244105509352107, 
    0.26059696293725, 0.242456665561527, 0.202691832904358, 0.239709543913176, 
    0.241538675651232, 0.238404331445518, 0.121746446880029, 
    0.123866984129541, 0.130315933063115, 0.134322005882395, 
    0.127844673338047, 0.119191136254931, 0.135851560644802, 
    0.130119507840407, 0.127027962404858, 0.129596537472777, 
    0.1271876573417, 0.126833945625538), Reference = c("World Bank Indicators; IMF's Balance of Payments and International Investment Position", 
    "World Bank Indicators; IMF's Balance of Payments and International Investment Position", 
    "World Bank Indicators; IMF's Balance of Payments and International Investment Position", 
    "World Bank Indicators; IMF's Balance of Payments and International Investment Position", 
    "World Bank Indicators; IMF's Balance of Payments and International Investment Position", 
    "World Bank Indicators; IMF's Balance of Payments and International Investment Position", 
    "World Bank Indicators; IMF's Balance of Payments and International Investment Position", 
    "World Bank Indicators; IMF's Balance of Payments and International Investment Position", 
    "World Bank Indicators; IMF's Balance of Payments and International Investment Position", 
    "World Bank Indicators; IMF's Balance of Payments and International Investment Position", 
    "World Bank Indicators; IMF's Balance of Payments and International Investment Position", 
    "World Bank Indicators; IMF's Balance of Payments and International Investment Position", 
    "World Bank Indicators; IMF's Balance of Payments and International Investment Position", 
    "World Bank Indicators; IMF's Balance of Payments and International Investment Position", 
    "World Bank Indicators; IMF's Balance of Payments and International Investment Position", 
    "World Bank Indicators; IMF's Balance of Payments and International Investment Position", 
    "World Bank Indicators; IMF's Balance of Payments and International Investment Position", 
    "World Bank Indicators; IMF's Balance of Payments and International Investment Position", 
    "World Bank Indicators; IMF's Balance of Payments and International Investment Position", 
    "World Bank Indicators; IMF's Balance of Payments and International Investment Position", 
    "World Bank Indicators; IMF's Balance of Payments and International Investment Position", 
    "World Bank Indicators; IMF's Balance of Payments and International Investment Position", 
    "World Bank Indicators; IMF's Balance of Payments and International Investment Position", 
    "World Bank Indicators; IMF's Balance of Payments and International Investment Position"
    )), row.names = c(NA, 24L), class = "data.frame")
)
